0.2424652549,
0.5974123047,
0.0432071296,
0.1628363857,
0.2902514484,
0.5938421407,
0.0513522067,
0.1479751407,
0.4613037249,
0.4613037220,
0.1083289448,
0.1083289430,
0.3121108855,
0.3121108890,
0.0574349231,
0.0574349250,
0.5974123024,
0.2424652558,
0.1628363852,
0.0432071295,
0.5938421431,
0.2902514430,
0.1479751415,
0.0513522067,
0.0000018963,
0.0000003836,
0.2062427474,
0.0245387424,
0.0244744099,
0.0000425800,
0.2967121509,
0.0489253572,
0.0000000034,
0.0000000034,
0.0000000044,
0.0000000044,
0.0000003643,
0.0000003643,
0.0000046329,
0.0000046329,
0.0000003836,
0.0000018963,
0.0245387435,
0.2062427554,
0.0000425800,
0.0244744099,
0.0489253572,
0.2967121518,
0.6456996826,
0.1917193212,
0.7843056428,
0.2081658277,
0.6818538551,
0.1635904832,
0.6793994305,
0.1721716355,
0.0003243862,
0.0003243861,
0.0018860464,
0.0018860459,
0.0000190441,
0.0000190441,
0.0003134683,
0.0003134682,
0.1917193273,
0.6456996993,
0.2081658278,
0.7843056490,
0.1635904840,
0.6818538598,
0.1721716352,
0.6793994313,
0.4122948806,
0.5939101244,
0.1000005400,
0.1352876207,
0.4994668466,
0.5454649415,
0.3541374675,
0.1784235688,
0.1815236943,
0.1815236961,
0.0248972421,
0.0248972424,
0.1367290642,
0.1367290643,
0.0208854485,
0.0208854490,
0.5939101204,
0.4122948821,
0.1352876201,
0.1000005381,
0.5454649685,
0.4994669328,
0.1784235757,
0.3541374991,
0.2663798535,
0.0422942502,
0.5954146598,
0.1471060156,
0.5889556630,
0.1456089107,
0.6373854994,
0.1450277796,
0.0001169361,
0.0001169361,
0.0002957756,
0.0002957756,
0.0035255123,
0.0035255123,
0.0013214224,
0.0013214226,
0.0422942504,
0.2663798539,
0.1471060157,
0.5954146599,
0.1456089107,
0.5889556660,
0.1450277806,
0.6373855052,
0.5904318003,
0.1527553550,
0.2891902219,
0.0511279348,
0.3164475989,
0.0746193955,
0.0638128138,
0.0050521267,
0.0001018536,
0.0001018536,
0.0000183492,
0.0000183492,
0.0002941955,
0.0002941955,
0.0000000361,
0.0000000361,
0.1527553551,
0.5904318012,
0.0511279347,
0.2891902220,
0.0746193969,
0.3164476028,
0.0050521270,
0.0638128153,
0.4982699633,
0.4272361002,
0.6437514695,
0.2836571290,
0.7381131107,
0.7431613954,
0.7485688679,
0.4598651966,
0.2027769612,
0.2027769625,
0.0470208875,
0.0470208881,
0.6605256792,
0.6605256805,
0.2151317775,
0.2151317838,
0.4272361111,
0.4982699989,
0.2836571353,
0.6437514779,
0.7431614044,
0.7381131101,
0.4598652165,
0.7485688750,
0.6570227476,
0.1932979182,
0.3961480481,
0.1113470974,
0.3776869080,
0.1346720234,
0.1214227706,
0.0203134680,
0.0177714780,
0.0177714769,
0.0036724852,
0.0036724850,
0.0190684358,
0.0190684367,
0.0000482105,
0.0000482105,
0.1932979169,
0.6570227515,
0.1113471016,
0.3961480630,
0.1346720291,
0.3776869101,
0.0203134689,
0.1214227772,
0.1355624851,
0.0162285038,
0.0061337349,
0.0000000356,
0.0140832287,
0.0000021134,
0.0000000014,
0.0000000000,
0.0000028620,
0.0000028620,
0.0000000000,
0.0000000000,
0.0000000000,
0.0000000000,
0.0000000000,
0.0000000000,
0.0162285052,
0.1355624942,
0.0000000356,
0.0061337352,
0.0000021134,
0.0140832302,
0.0000000000,
0.0000000014,
0.0000000000,
0.0000000000,
0.0000000000,
0.0000000000,
0.0000000000,
0.0000000000,
0.0000000000,
0.0000000000,
0.0000000000,
0.0000000000,
0.0000000000,
0.0000000000,
0.0000000000,
0.0000000000,
0.0000000000,
0.0000000000,
0.0000000000,
0.0000000000,
0.0000000000,
0.0000000000,
0.0000000000,
0.0000000000,
0.0000000000,
0.0000000000,
0.0000000000,
0.0000000000,
0.0000000000,
0.0000000000,
0.0000000000,
0.0000000000,
0.0000000000,
0.0000000000,
0.0000000000,
0.0000000000,
0.0000000000,
0.0000000000,
0.0000000000,
0.0000000000,
0.0000000000,
0.0000000000,
0.0000000000,
0.0000000000,
0.0000000000,
0.0000000000,
0.0000000000,
0.0000000000,
0.0000000000,
0.0000000000,
0.0000000000,
0.0000000000,
0.0000000000,
0.0000000000,
0.0000000000,
0.0000000000,
0.0000000000,
0.0000000000,
0.0000000000,
0.0000000000,
0.0000000000,
0.0000000000,
0.0000000000,
0.0000000000,
0.0000000000,
0.0000000000,
0.0000000000,
0.0000000000,
0.0000000000,
0.0000000000,
0.0000000000,
0.0000000000,
0.0000000000,
0.0000000000,
0.0000000000,
0.0000000000,
0.0000000000,
0.0000000000,
0.0000000000,
0.0000000000,
0.0000000000,
0.0000000000,
0.0000000000,
0.0000000000,
0.0000000000,
0.0000000000,
0.0000000000,
0.0000000000,
0.0000000000,
0.0000000000,
0.0000000000,
0.0000000000,
0.0000000000,
0.0000000000,
0.0000000000,
0.0000000000,
0.0000000000,
0.0000000000,
0.0000000000,
0.0000000000,
0.0000000000,
0.0000000000,
0.0000000000,
0.0000000000,
0.0000000000,
0.0000000000,
0.0000000000,
0.0000000000,
0.0000000000,
0.0000000000,
0.0000000000,
0.0000000000,
0.0000000000,
0.0000000000,
0.0000000000,
0.0000000000,
0.0000000000,
0.0000000000,
0.0000000000,
0.0000000000,
0.0000000000,
0.0000000000,
0.0000000000,
0.0000000000,
0.0000000000,
0.0000000000,
0.0000000000,
0.0000000000,
0.0000000000,
0.0000000000,
0.0000000000,
0.0000000000,
0.0000000000,
0.0000000000,
0.0000000000,
0.0000000000,
0.0000000000,
0.0000000000,
0.0000000000,
0.0000000000,
0.0000000000,
0.0000000000,
0.0000000000,
0.0000000000,
0.0000000000,
0.0000000000,
0.0000000000,
0.0000000000,
0.0000000000,
0.0000000000,
0.0000000000,
0.0000000000,
0.0000000000,
0.0000000000,
0.0000000000,
0.0000000000,
0.0000000000,
0.0000000000,
0.0000000000,
0.0000000000,
0.0000000000,
0.0000000000,
0.0000000000,
0.0000000000,
0.0000000000,
0.0000000000,
0.0000000000,
0.0000000000,
0.0000000000,
0.0000000000,
86.0000000000,
86.0000000000,
86.0000000000,
86.0000000000,
86.0000000000,
86.0000000000,
86.0000000000,
86.0000000000,
86.0000000000,
86.0000000000,
86.0000000000,
86.0000000000,
86.0000000000,
86.0000000000,
86.0000000000,
86.0000000000,
86.0000000000,
86.0000000000,
86.0000000000,
86.0000000000,
86.0000000000,
86.0000000000,
86.0000000000,
86.0000000000,
86.0000000000,
86.0000000000,
86.0000000000,
86.0000000000,
86.0000000000,
86.0000000000,
86.0000000000,
86.0000000000,
86.0000000000,
86.0000000000,
86.0000000000,
86.0000000000,
86.0000000000,
86.0000000000,
86.0000000000,
86.0000000000,
86.0000000000,
86.0000000000,
86.0000000000,
86.0000000000,
86.0000000000,
86.0000000000,
86.0000000000,
86.0000000000,
86.0000000000,
86.0000000000,
86.0000000000,
86.0000000000,
86.0000000000,
86.0000000000,
86.0000000000,
86.0000000000,
86.0000000000,
86.0000000000,
86.0000000000,
86.0000000000,
86.0000000000,
86.0000000000,
86.0000000000,
86.0000000000,
86.0000000000,
86.0000000000,
86.0000000000,
86.0000000000,
86.0000000000,
86.0000000000,
86.0000000000,
86.0000000000,
86.0000000000,
86.0000000000,
86.0000000000,
86.0000000000,
86.0000000000,
86.0000000000,
86.0000000000,
86.0000000000,
86.0000000000,
86.0000000000,
86.0000000000,
86.0000000000,
86.0000000000,
86.0000000000,
86.0000000000,
86.0000000000,
86.0000000000,
86.0000000000,
86.0000000000,
86.0000000000,
86.0000000000,
86.0000000000,
86.0000000000,
86.0000000000,
86.0000000000,
86.0000000000,
86.0000000000,
86.0000000000,
86.0000000000,
86.0000000000,
86.0000000000,
86.0000000000,
86.0000000000,
86.0000000000,
86.0000000000,
86.0000000000,
86.0000000000,
86.0000000000,
86.0000000000,
86.0000000000,
86.0000000000,
86.0000000000,
86.0000000000,
86.0000000000,
86.0000000000,
86.0000000000,
86.0000000000,
86.0000000000,
86.0000000000,
86.0000000000,
86.0000000000,
86.0000000000,
86.0000000000,
86.0000000000,
86.0000000000,
86.0000000000,
86.0000000000,
86.0000000000,
86.0000000000,
86.0000000000,
86.0000000000,
86.0000000000,
86.0000000000,
86.0000000000,
86.0000000000,
86.0000000000,
86.0000000000,
86.0000000000,
86.0000000000,
86.0000000000,
86.0000000000,
86.0000000000,
86.0000000000,
86.0000000000,
86.0000000000,
86.0000000000,
86.0000000000,
86.0000000000,
86.0000000000,
86.0000000000,
86.0000000000,
86.0000000000,
86.0000000000,
86.0000000000,
86.0000000000,
86.0000000000,
86.0000000000,
86.0000000000,
86.0000000000,
86.0000000000,
86.0000000000,
86.0000000000,
86.0000000000,
86.0000000000,
86.0000000000,
86.0000000000,
86.0000000000,
86.0000000000,
86.0000000000,
86.0000000000,
86.0000000000,
86.0000000000,
86.0000000000,
86.0000000000,
86.0000000000,
86.0000000000,
86.0000000000,
86.0000000000,
86.0000000000,
86.0000000000,
86.0000000000,
86.0000000000,
86.0000000000,
86.0000000000,
86.0000000000,
86.0000000000,
86.0000000000,
86.0000000000,
86.0000000000,
86.0000000000,
3.9960662261,
3.9960662261,
3.9960662261,
3.9960662261,
3.9960662261,
3.9960662261,
3.9960662261,
3.9960662261,
3.9960662261,
3.9960662261,
3.9960662261,
3.9960662261,
3.9960662261,
3.9960662261,
3.9960662261,
3.9960662261,
3.9960662261,
3.9960662261,
3.9960662261,
3.9960662261,
3.9960662261,
3.9960662261,
3.9960662261,
3.9960662261,
3.9960662261,
3.9960662261,
3.9960662261,
3.9960662261,
3.9960662261,
3.9960662261,
3.9960662261,
3.9960662261,
3.9960662261,
3.9960662261,
3.9960662261,
3.9960662261,
3.9960662261,
3.9960662261,
3.9960662261,
3.9960662261,
3.9960662261,
3.9960662261,
3.9960662261,
3.9960662261,
3.9960662261,
3.9960662261,
3.9960662261,
3.9960662261,
3.9960662261,
3.9960662261,
3.9960662261,
3.9960662261,
3.9960662261,
3.9960662261,
3.9960662261,
3.9960662261,
3.9960662261,
3.9960662261,
3.9960662261,
3.9960662261,
3.9960662261,
3.9960662261,
3.9960662261,
3.9960662261,
3.9960662261,
3.9960662261,
3.9960662261,
3.9960662261,
3.9960662261,
3.9960662261,
3.9960662261,
3.9960662261,
3.9960662261,
3.9960662261,
3.9960662261,
3.9960662261,
3.9960662261,
3.9960662261,
3.9960662261,
3.9960662261,
3.9960662261,
3.9960662261,
3.9960662261,
3.9960662261,
3.9960662261,
3.9960662261,
3.9960662261,
3.9960662261,
3.9960662261,
3.9960662261,
3.9960662261,
3.9960662261,
3.9960662261,
3.9960662261,
3.9960662261,
3.9960662261,
3.9960662261,
3.9960662261,
3.9960662261,
3.9960662261,
3.9960662261,
3.9960662261,
3.9960662261,
3.9960662261,
3.9960662261,
3.9960662261,
3.9960662261,
3.9960662261,
3.9960662261,
3.9960662261,
3.9960662261,
3.9960662261,
3.9960662261,
3.9960662261,
3.9960662261,
3.9960662261,
3.9960662261,
3.9960662261,
3.9960662261,
3.9960662261,
3.9960662261,
3.9960662261,
3.9960662261,
3.9960662261,
3.9960662261,
3.9960662261,
3.9960662261,
3.9960662261,
3.9960662261,
3.9960662261,
3.9960662261,
3.9960662261,
3.9960662261,
3.9960662261,
3.9960662261,
3.9960662261,
3.9960662261,
3.9960662261,
3.9960662261,
3.9960662261,
3.9960662261,
3.9960662261,
3.9960662261,
3.9960662261,
3.9960662261,
3.9960662261,
3.9960662261,
3.9960662261,
3.9960662261,
3.9960662261,
3.9960662261,
3.9960662261,
3.9960662261,
3.9960662261,
3.9960662261,
3.9960662261,
3.9960662261,
3.9960662261,
3.9960662261,
3.9960662261,
3.9960662261,
3.9960662261,
3.9960662261,
3.9960662261,
3.9960662261,
3.9960662261,
3.9960662261,
3.9960662261,
3.9960662261,
3.9960662261,
3.9960662261,
3.9960662261,
3.9960662261,
3.9960662261,
3.9960662261,
3.9960662261,
3.9960662261,
3.9960662261,
3.9960662261,
3.9960662261,
3.9960662261,
3.9960662261,
3.9960662261,
3.9960662261,
3.9960662261,
3.9960662261,
3.9960662261,
3.9960662261,
3.9960662261,
3.9960662261,
3.9960662261,
3.9960662261,
31.0000000000,
31.0000000000,
31.0000000000,
31.0000000000,
31.0000000000,
31.0000000000,
31.0000000000,
31.0000000000,
31.0000000000,
31.0000000000,
31.0000000000,
31.0000000000,
31.0000000000,
31.0000000000,
31.0000000000,
31.0000000000,
31.0000000000,
31.0000000000,
31.0000000000,
31.0000000000,
31.0000000000,
31.0000000000,
31.0000000000,
31.0000000000,
31.0000000000,
31.0000000000,
31.0000000000,
31.0000000000,
31.0000000000,
31.0000000000,
31.0000000000,
31.0000000000,
31.0000000000,
31.0000000000,
31.0000000000,
31.0000000000,
31.0000000000,
31.0000000000,
31.0000000000,
31.0000000000,
31.0000000000,
31.0000000000,
31.0000000000,
31.0000000000,
31.0000000000,
31.0000000000,
31.0000000000,
31.0000000000,
31.0000000000,
31.0000000000,
31.0000000000,
31.0000000000,
31.0000000000,
31.0000000000,
31.0000000000,
31.0000000000,
31.0000000000,
31.0000000000,
31.0000000000,
31.0000000000,
31.0000000000,
31.0000000000,
31.0000000000,
31.0000000000,
31.0000000000,
31.0000000000,
31.0000000000,
31.0000000000,
31.0000000000,
31.0000000000,
31.0000000000,
31.0000000000,
31.0000000000,
31.0000000000,
31.0000000000,
31.0000000000,
31.0000000000,
31.0000000000,
31.0000000000,
31.0000000000,
31.0000000000,
31.0000000000,
31.0000000000,
31.0000000000,
31.0000000000,
31.0000000000,
31.0000000000,
31.0000000000,
31.0000000000,
31.0000000000,
31.0000000000,
31.0000000000,
31.0000000000,
31.0000000000,
31.0000000000,
31.0000000000,
31.0000000000,
31.0000000000,
31.0000000000,
31.0000000000,
31.0000000000,
31.0000000000,
31.0000000000,
31.0000000000,
31.0000000000,
31.0000000000,
31.0000000000,
31.0000000000,
31.0000000000,
31.0000000000,
31.0000000000,
31.0000000000,
31.0000000000,
31.0000000000,
31.0000000000,
31.0000000000,
31.0000000000,
31.0000000000,
31.0000000000,
31.0000000000,
31.0000000000,
31.0000000000,
31.0000000000,
31.0000000000,
31.0000000000,
31.0000000000,
31.0000000000,
31.0000000000,
31.0000000000,
31.0000000000,
31.0000000000,
31.0000000000,
31.0000000000,
31.0000000000,
31.0000000000,
31.0000000000,
31.0000000000,
31.0000000000,
31.0000000000,
31.0000000000,
31.0000000000,
31.0000000000,
31.0000000000,
31.0000000000,
31.0000000000,
31.0000000000,
31.0000000000,
31.0000000000,
31.0000000000,
31.0000000000,
31.0000000000,
31.0000000000,
31.0000000000,
31.0000000000,
31.0000000000,
31.0000000000,
31.0000000000,
31.0000000000,
31.0000000000,
31.0000000000,
31.0000000000,
31.0000000000,
31.0000000000,
31.0000000000,
31.0000000000,
31.0000000000,
31.0000000000,
31.0000000000,
31.0000000000,
31.0000000000,
31.0000000000,
31.0000000000,
31.0000000000,
31.0000000000,
31.0000000000,
31.0000000000,
31.0000000000,
31.0000000000,
31.0000000000,
31.0000000000,
31.0000000000,
31.0000000000,
31.0000000000,
31.0000000000,
31.0000000000,
31.0000000000,
31.0000000000,
31.0000000000,
31.0000000000,
31.0000000000,
31.0000000000,
31.0000000000,
86.0000000000,
86.0000000000,
86.0000000000,
86.0000000000,
86.0000000000,
86.0000000000,
86.0000000000,
86.0000000000,
86.0000000000,
86.0000000000,
86.0000000000,
86.0000000000,
86.0000000000,
86.0000000000,
86.0000000000,
86.0000000000,
86.0000000000,
86.0000000000,
86.0000000000,
86.0000000000,
86.0000000000,
86.0000000000,
86.0000000000,
86.0000000000,
86.0000000000,
86.0000000000,
86.0000000000,
86.0000000000,
86.0000000000,
86.0000000000,
86.0000000000,
86.0000000000,
86.0000000000,
86.0000000000,
86.0000000000,
86.0000000000,
86.0000000000,
86.0000000000,
86.0000000000,
86.0000000000,
86.0000000000,
86.0000000000,
86.0000000000,
86.0000000000,
86.0000000000,
86.0000000000,
86.0000000000,
86.0000000000,
86.0000000000,
86.0000000000,
86.0000000000,
86.0000000000,
86.0000000000,
86.0000000000,
86.0000000000,
86.0000000000,
86.0000000000,
86.0000000000,
86.0000000000,
86.0000000000,
86.0000000000,
86.0000000000,
86.0000000000,
86.0000000000,
86.0000000000,
86.0000000000,
86.0000000000,
86.0000000000,
86.0000000000,
86.0000000000,
86.0000000000,
86.0000000000,
86.0000000000,
86.0000000000,
86.0000000000,
86.0000000000,
86.0000000000,
86.0000000000,
86.0000000000,
86.0000000000,
86.0000000000,
86.0000000000,
86.0000000000,
86.0000000000,
86.0000000000,
86.0000000000,
86.0000000000,
86.0000000000,
86.0000000000,
86.0000000000,
86.0000000000,
86.0000000000,
86.0000000000,
86.0000000000,
86.0000000000,
86.0000000000,
86.0000000000,
86.0000000000,
86.0000000000,
86.0000000000,
86.0000000000,
86.0000000000,
86.0000000000,
86.0000000000,
86.0000000000,
86.0000000000,
86.0000000000,
86.0000000000,
86.0000000000,
86.0000000000,
86.0000000000,
86.0000000000,
86.0000000000,
86.0000000000,
86.0000000000,
86.0000000000,
86.0000000000,
86.0000000000,
86.0000000000,
86.0000000000,
86.0000000000,
86.0000000000,
86.0000000000,
86.0000000000,
86.0000000000,
86.0000000000,
86.0000000000,
86.0000000000,
86.0000000000,
86.0000000000,
86.0000000000,
86.0000000000,
86.0000000000,
86.0000000000,
86.0000000000,
86.0000000000,
86.0000000000,
86.0000000000,
86.0000000000,
86.0000000000,
86.0000000000,
86.0000000000,
86.0000000000,
86.0000000000,
86.0000000000,
86.0000000000,
86.0000000000,
86.0000000000,
86.0000000000,
86.0000000000,
86.0000000000,
86.0000000000,
86.0000000000,
86.0000000000,
86.0000000000,
86.0000000000,
86.0000000000,
86.0000000000,
86.0000000000,
86.0000000000,
86.0000000000,
86.0000000000,
86.0000000000,
86.0000000000,
86.0000000000,
86.0000000000,
86.0000000000,
86.0000000000,
86.0000000000,
86.0000000000,
86.0000000000,
86.0000000000,
86.0000000000,
86.0000000000,
86.0000000000,
86.0000000000,
86.0000000000,
86.0000000000,
86.0000000000,
86.0000000000,
86.0000000000,
86.0000000000,
86.0000000000,
86.0000000000,
86.0000000000,
86.0000000000,
86.0000000000,
86.0000000000,
86.0000000000,
86.0000000000,
86.0000000000,
86.0000000000,
3.9960662261,
3.9960662261,
3.9960662261,
3.9960662261,
3.9960662261,
3.9960662261,
3.9960662261,
3.9960662261,
3.9960662261,
3.9960662261,
3.9960662261,
3.9960662261,
3.9960662261,
3.9960662261,
3.9960662261,
3.9960662261,
3.9960662261,
3.9960662261,
3.9960662261,
3.9960662261,
3.9960662261,
3.9960662261,
3.9960662261,
3.9960662261,
3.9960662261,
3.9960662261,
3.9960662261,
3.9960662261,
3.9960662261,
3.9960662261,
3.9960662261,
3.9960662261,
3.9960662261,
3.9960662261,
3.9960662261,
3.9960662261,
3.9960662261,
3.9960662261,
3.9960662261,
3.9960662261,
3.9960662261,
3.9960662261,
3.9960662261,
3.9960662261,
3.9960662261,
3.9960662261,
3.9960662261,
3.9960662261,
3.9960662261,
3.9960662261,
3.9960662261,
3.9960662261,
3.9960662261,
3.9960662261,
3.9960662261,
3.9960662261,
3.9960662261,
3.9960662261,
3.9960662261,
3.9960662261,
3.9960662261,
3.9960662261,
3.9960662261,
3.9960662261,
3.9960662261,
3.9960662261,
3.9960662261,
3.9960662261,
3.9960662261,
3.9960662261,
3.9960662261,
3.9960662261,
3.9960662261,
3.9960662261,
3.9960662261,
3.9960662261,
3.9960662261,
3.9960662261,
3.9960662261,
3.9960662261,
3.9960662261,
3.9960662261,
3.9960662261,
3.9960662261,
3.9960662261,
3.9960662261,
3.9960662261,
3.9960662261,
3.9960662261,
3.9960662261,
3.9960662261,
3.9960662261,
3.9960662261,
3.9960662261,
3.9960662261,
3.9960662261,
3.9960662261,
3.9960662261,
3.9960662261,
3.9960662261,
3.9960662261,
3.9960662261,
3.9960662261,
3.9960662261,
3.9960662261,
3.9960662261,
3.9960662261,
3.9960662261,
3.9960662261,
3.9960662261,
3.9960662261,
3.9960662261,
3.9960662261,
3.9960662261,
3.9960662261,
3.9960662261,
3.9960662261,
3.9960662261,
3.9960662261,
3.9960662261,
3.9960662261,
3.9960662261,
3.9960662261,
3.9960662261,
3.9960662261,
3.9960662261,
3.9960662261,
3.9960662261,
3.9960662261,
3.9960662261,
3.9960662261,
3.9960662261,
3.9960662261,
3.9960662261,
3.9960662261,
3.9960662261,
3.9960662261,
3.9960662261,
3.9960662261,
3.9960662261,
3.9960662261,
3.9960662261,
3.9960662261,
3.9960662261,
3.9960662261,
3.9960662261,
3.9960662261,
3.9960662261,
3.9960662261,
3.9960662261,
3.9960662261,
3.9960662261,
3.9960662261,
3.9960662261,
3.9960662261,
3.9960662261,
3.9960662261,
3.9960662261,
3.9960662261,
3.9960662261,
3.9960662261,
3.9960662261,
3.9960662261,
3.9960662261,
3.9960662261,
3.9960662261,
3.9960662261,
3.9960662261,
3.9960662261,
3.9960662261,
3.9960662261,
3.9960662261,
3.9960662261,
3.9960662261,
3.9960662261,
3.9960662261,
3.9960662261,
3.9960662261,
3.9960662261,
3.9960662261,
3.9960662261,
3.9960662261,
3.9960662261,
3.9960662261,
3.9960662261,
3.9960662261,
3.9960662261,
3.9960662261,
3.9960662261,
3.9960662261,
3.9960662261,
3.9960662261,
31.0000000000,
31.0000000000,
31.0000000000,
31.0000000000,
31.0000000000,
31.0000000000,
31.0000000000,
31.0000000000,
31.0000000000,
31.0000000000,
31.0000000000,
31.0000000000,
31.0000000000,
31.0000000000,
31.0000000000,
31.0000000000,
31.0000000000,
31.0000000000,
31.0000000000,
31.0000000000,
31.0000000000,
31.0000000000,
31.0000000000,
31.0000000000,
31.0000000000,
31.0000000000,
31.0000000000,
31.0000000000,
31.0000000000,
31.0000000000,
31.0000000000,
31.0000000000,
31.0000000000,
31.0000000000,
31.0000000000,
31.0000000000,
31.0000000000,
31.0000000000,
31.0000000000,
31.0000000000,
31.0000000000,
31.0000000000,
31.0000000000,
31.0000000000,
31.0000000000,
31.0000000000,
31.0000000000,
31.0000000000,
31.0000000000,
31.0000000000,
31.0000000000,
31.0000000000,
31.0000000000,
31.0000000000,
31.0000000000,
31.0000000000,
31.0000000000,
31.0000000000,
31.0000000000,
31.0000000000,
31.0000000000,
31.0000000000,
31.0000000000,
31.0000000000,
31.0000000000,
31.0000000000,
31.0000000000,
31.0000000000,
31.0000000000,
31.0000000000,
31.0000000000,
31.0000000000,
31.0000000000,
31.0000000000,
31.0000000000,
31.0000000000,
31.0000000000,
31.0000000000,
31.0000000000,
31.0000000000,
31.0000000000,
31.0000000000,
31.0000000000,
31.0000000000,
31.0000000000,
31.0000000000,
31.0000000000,
31.0000000000,
31.0000000000,
31.0000000000,
31.0000000000,
31.0000000000,
31.0000000000,
31.0000000000,
31.0000000000,
31.0000000000,
31.0000000000,
31.0000000000,
31.0000000000,
31.0000000000,
31.0000000000,
31.0000000000,
31.0000000000,
31.0000000000,
31.0000000000,
31.0000000000,
31.0000000000,
31.0000000000,
31.0000000000,
31.0000000000,
31.0000000000,
31.0000000000,
31.0000000000,
31.0000000000,
31.0000000000,
31.0000000000,
31.0000000000,
31.0000000000,
31.0000000000,
31.0000000000,
31.0000000000,
31.0000000000,
31.0000000000,
31.0000000000,
31.0000000000,
31.0000000000,
31.0000000000,
31.0000000000,
31.0000000000,
31.0000000000,
31.0000000000,
31.0000000000,
31.0000000000,
31.0000000000,
31.0000000000,
31.0000000000,
31.0000000000,
31.0000000000,
31.0000000000,
31.0000000000,
31.0000000000,
31.0000000000,
31.0000000000,
31.0000000000,
31.0000000000,
31.0000000000,
31.0000000000,
31.0000000000,
31.0000000000,
31.0000000000,
31.0000000000,
31.0000000000,
31.0000000000,
31.0000000000,
31.0000000000,
31.0000000000,
31.0000000000,
31.0000000000,
31.0000000000,
31.0000000000,
31.0000000000,
31.0000000000,
31.0000000000,
31.0000000000,
31.0000000000,
31.0000000000,
31.0000000000,
31.0000000000,
31.0000000000,
31.0000000000,
31.0000000000,
31.0000000000,
31.0000000000,
31.0000000000,
31.0000000000,
31.0000000000,
31.0000000000,
31.0000000000,
31.0000000000,
31.0000000000,
31.0000000000,
31.0000000000,
31.0000000000,
31.0000000000,
31.0000000000,
31.0000000000,
31.0000000000,
31.0000000000,
31.0000000000,
31.0000000000,
31.0000000000,
31.0000000000,
