00001182
00001282
0001ea04
1001da04
00000282
00000182
00001182
00001282
101ffa04
00000282
00000182
00001183
00001282
00000810
00000282
00000182
00001180
00001282
00000282
00001c47
00001c48
00001c49
00001c4a
00001c4b
00001c4c
00000182
00001183
00001282
00203a04
10022a10
00405a04
10044a10
10003a04
10042a05
00000810
00000282
00000182
00001180
00001282
00000282
00001c47
00000182
00001185
00000846
00002847
00000241
00001282
00002510
10002510
10022910
20022904
10004410
20004c11
20024004
00000282
00005847
00001947
00000182
