00001184
00001282
00000810
00022810
03401804
10023804
00000282
00001c40
00001c41
00003c44
00000182
00001183
00001282
00000910
10001904
00000282
00000182
00001186
00002744
00004644
00006444
00008544
00001282
20044520
30066520
40088520
08045910
01667910
01689910
00042513
00064513
10042a04
00084513
10042a04
18023a04
10023a20
10022910
00000282
0000374c
00000182
00001186
0000274c
0000464c
0000644c
0000854c
00001282
08045910
01667910
01689910
18023910
10002513
20004513
10042a04
30004513
10042a04
40004513
10042a04
10022520
10022910
00000282
00003744
00000182
00001182
00001282
0001ea04
1001da04
00000282
00000182
00001182
00001282
101ffa04
00000282
00000182
00001183
00001282
00000810
00000282
00000182
00001180
00001282
00000282
00001c47
00001c48
00001c49
00001c4a
00001c4b
00001c4c
00000182
00001183
00001282
00203a04
10022a10
00405a04
10044a10
10003a04
10042a05
00000810
00000282
00000182
00001180
00001282
00000282
00001c47
00000182
00001185
00000846
00002847
00000241
00001282
00002510
10002510
10022910
20022904
10004410
20004c11
20024004
00000282
00005847
00001947
00000182
